100 1000
20 15 792273
15 5 685814
5 40 928665
40 36 982201
36 41 604830
41 96 364370
96 43 600636
43 63 880723
63 62 785965
62 27 106663
27 58 548098
58 46 777114
46 100 938633
100 97 756658
97 23 574158
23 19 479950
19 83 238148
83 68 291765
68 88 173039
88 18 528005
18 53 894031
53 84 480866
84 65 408118
65 72 920706
72 48 410489
48 26 167641
26 77 291040
77 35 459449
35 42 460287
42 22 55463
22 70 902218
70 10 658360
10 54 853769
54 30 781952
30 51 685158
51 25 136441
25 87 806469
87 2 929459
2 1 650580
1 90 25734
90 9 246396
9 74 686473
74 69 769144
69 12 605132
12 38 736818
38 82 611430
82 98 549597
98 57 834111
57 89 138580
89 71 70441
71 24 132996
24 76 520746
76 86 542239
86 17 756925
17 55 507019
55 60 552570
60 52 195592
52 4 565791
4 45 589539
45 7 739127
7 6 713859
6 59 355062
59 81 933401
81 39 410774
39 73 642446
73 93 72617
93 99 922185
99 33 472394
33 85 668929
85 44 708981
44 95 463410
95 64 46981
64 47 44107
47 3 976733
3 56 15812
56 91 749894
91 94 208281
94 50 592881
50 31 653896
31 92 10058
92 8 835641
8 66 131693
66 16 467135
16 75 117972
75 79 995552
79 78 734441
78 80 453214
80 14 48551
14 28 729188
28 67 205375
67 34 369257
34 29 146505
29 37 92112
37 13 460646
13 32 956016
32 61 205325
61 49 144424
49 21 997353
21 11 600544
19 73 45318
46 86 311352
26 67 791422
56 24 619387
89 53 447596
5 11 830652
24 81 922804
64 93 542951
40 96 332266
65 15 631535
10 33 877725
49 100 52970
62 64 108432
7 68 32382
73 1 493787
17 72 218985
62 24 431588
58 77 827507
90 39 387911
66 72 392238
81 26 477684
45 72 795894
97 14 133821
82 22 948554
19 78 385503
3 28 807967
29 80 676879
57 47 300230
29 39 771184
81 63 507258
88 6 486010
37 98 737012
19 47 443030
52 94 514193
89 79 543462
2 69 17251
98 33 131220
65 78 694047
71 36 845827
67 60 211439
26 82 134060
85 70 530713
23 55 149893
83 48 847455
39 89 180581
87 35 392235
95 80 477165
9 55 159104
71 60 781627
66 35 814154
50 70 482775
58 66 439958
61 52 253745
32 49 57734
18 37 734994
43 10 746683
84 58 578365
51 40 92917
88 23 499186
83 32 136038
84 86 978854
23 30 576603
60 35 160400
75 35 750219
37 53 482539
41 32 978405
40 23 962471
74 5 803230
47 1 585069
50 64 599025
92 71 575751
80 96 166368
64 54 515343
60 75 700241
59 20 565262
64 8 33967
7 28 547094
81 16 328998
60 62 125037
93 66 153643
91 58 638069
89 27 633265
45 91 201574
30 16 737949
12 4 890965
84 37 164086
1 79 595347
90 71 936754
83 64 358300
6 85 588860
13 38 11125
46 3 52519
18 100 894052
84 32 962949
86 73 514009
43 60 34054
46 42 401907
99 13 924158
72 85 653411
90 12 159290
44 96 523654
3 29 601653
61 72 10565
7 41 672895
99 85 794633
20 39 308180
86 54 354392
42 12 404477
68 63 790215
54 48 583088
9 72 192704
76 5 67078
63 65 634230
45 67 23473
68 90 844529
78 71 622935
69 27 797510
62 4 336505
8 57 533717
88 24 719590
72 96 208745
27 9 943867
51 32 125422
11 22 888726
45 84 280169
33 84 545773
12 49 83501
67 79 788516
62 12 66949
64 63 340755
95 3 906751
39 65 851848
100 9 676130
41 50 621843
6 79 118027
77 97 921331
58 15 747362
4 80 633581
50 66 115684
49 57 587498
67 66 645666
74 88 160838
6 67 402168
32 31 915363
100 99 270234
79 12 299657
35 84 924089
97 60 760227
38 32 360325
46 33 940276
81 18 671728
68 79 821733
36 57 591874
10 55 194728
61 65 442996
100 33 225281
41 95 533310
25 38 985700
82 2 935129
51 53 68280
61 100 549594
18 6 446278
21 92 413975
5 75 745869
26 46 399551
58 94 861351
67 11 154733
85 53 926415
56 8 362808
41 60 659370
22 63 526883
23 20 199716
12 56 209447
27 54 724593
22 31 459248
91 57 309857
42 11 75508
96 68 944680
36 22 329524
2 64 951828
36 53 82079
95 40 726643
75 25 173850
66 7 973104
56 48 181793
6 32 634136
71 22 124601
57 7 175942
27 59 239380
73 3 798232
91 12 398224
59 13 484551
41 11 907144
66 91 701416
54 25 553604
71 38 362038
33 6 678624
14 29 207644
67 62 847654
45 98 536849
89 6 562051
83 3 897642
98 66 391528
4 39 100356
15 71 604440
24 46 912702
68 46 840379
89 31 507698
82 43 696981
40 64 698412
73 65 340517
63 52 923363
54 12 824369
94 20 336847
24 66 658933
3 68 51541
98 12 749266
10 44 486886
5 8 883186
6 27 237719
16 35 489167
55 61 292473
96 89 918236
52 17 392067
41 42 252148
9 46 986108
24 87 562542
56 33 606478
72 14 458332
69 83 908852
86 24 805281
53 64 560864
4 30 486916
87 8 278298
87 23 370009
57 59 45599
80 59 773903
73 54 34595
10 34 483964
3 96 517349
93 78 780325
24 6 322283
34 37 664941
46 91 613925
16 53 327349
25 55 765048
32 40 407453
52 75 711403
7 32 611239
79 44 152235
85 77 697010
70 13 245895
37 32 831433
60 40 620946
42 23 371503
70 3 376855
78 81 988711
89 35 818223
80 87 884089
7 70 895206
96 15 853215
25 27 59596
22 94 563079
16 100 608591
79 69 23220
73 21 659438
87 41 258865
38 6 590256
20 82 650671
1 72 888440
32 10 583602
40 46 839978
50 40 508481
93 25 413637
29 24 234878
89 28 26777
46 50 446888
84 27 935856
11 55 606271
12 59 890090
76 99 42763
64 49 708605
63 13 931097
39 2 978718
27 48 333339
72 7 887059
48 52 324930
50 26 218969
94 85 620717
11 62 129247
11 2 526904
33 41 373527
54 4 332587
33 36 124306
54 1 336374
33 88 662334
37 75 465239
30 62 372397
62 100 329264
67 53 36153
61 18 834549
97 1 508017
2 38 272028
32 11 971735
5 95 153148
48 98 777600
89 3 596954
17 31 699206
87 56 477552
19 92 234087
99 51 779783
37 58 187117
57 6 574077
38 18 71510
52 45 623874
50 8 673244
12 57 16410
93 65 981229
60 37 625208
84 12 595214
16 98 613648
90 6 189444
19 8 924287
12 75 685369
46 87 869822
11 13 973431
21 96 479744
27 31 532618
68 73 95485
76 38 436827
18 55 27614
19 89 879118
58 63 936552
80 79 394342
51 73 595937
74 60 473753
56 89 116467
28 57 11663
88 97 132447
41 75 564574
21 75 282678
58 14 578445
19 57 922895
100 58 971227
25 1 974510
89 76 622995
35 24 193983
51 94 27216
1 16 210462
29 6 646048
6 87 331993
41 18 749322
97 46 668404
11 34 406606
8 68 135039
53 4 100426
87 59 677128
86 90 565590
38 29 34266
46 93 111505
46 60 469194
14 73 88304
91 67 252614
75 4 385762
95 29 482338
47 5 284971
3 49 873256
19 22 193036
44 33 669602
55 70 854938
39 23 957573
57 27 129254
98 43 939796
91 31 563409
26 30 108936
42 54 406427
73 38 854452
46 76 57339
54 31 247128
43 11 710094
4 69 675048
2 37 63495
70 66 565919
8 100 995204
20 64 162001
18 69 829197
56 83 639695
70 53 733988
59 66 733330
76 81 457100
43 74 571740
18 5 447082
76 84 967471
59 89 425011
83 78 638574
36 84 256888
31 56 550929
91 85 713830
60 68 40022
8 34 391841
58 20 877445
43 84 685971
100 11 324741
46 84 294203
74 52 36932
68 93 212665
35 58 990207
88 84 813702
66 27 723855
67 57 997506
2 5 577960
95 10 673824
16 38 762266
65 76 483589
40 68 320517
39 22 63446
5 98 16445
66 74 407788
74 67 935358
37 3 247676
77 32 243364
23 73 653586
7 88 372089
81 61 475653
17 81 849381
26 38 641310
33 89 339816
21 87 493256
13 42 975017
20 30 960837
22 53 756756
92 72 820852
27 74 499726
45 69 908594
46 1 225785
22 29 866617
47 91 393819
78 6 746076
91 50 860846
42 65 309138
34 73 245150
68 57 987138
39 41 21575
100 67 430241
72 38 875269
92 75 851195
17 53 596571
100 45 610482
63 74 930626
76 53 99404
47 2 419691
4 6 208563
10 40 741636
55 40 506955
75 65 569324
37 20 718483
80 77 758898
4 21 955274
64 24 18252
65 48 434731
19 38 684400
48 80 886784
59 8 577660
41 26 401039
6 20 636823
31 82 354291
48 89 364805
4 64 418947
1 74 524296
70 77 818285
94 74 619324
41 85 354576
3 21 565979
45 71 694323
8 51 51273
21 19 814823
96 47 279551
32 60 60957
55 19 238517
49 42 365108
10 62 609767
5 99 559541
79 54 754269
20 50 100269
85 83 304742
65 87 490675
25 29 506699
47 12 309656
68 24 963070
90 30 603004
76 48 737425
60 36 222839
43 21 55233
31 44 151410
97 16 723308
17 26 358825
52 90 979396
60 25 65769
5 62 924859
72 62 826602
8 96 268627
57 75 724830
46 43 315608
86 10 79540
87 43 549841
84 91 525107
34 70 817610
45 55 380834
92 74 901589
26 55 461512
47 37 453284
34 2 6928
74 96 358249
60 24 368807
8 89 636506
56 49 96614
29 48 337142
92 80 769739
52 51 446377
61 37 938672
3 78 855239
4 66 977586
70 91 314126
36 47 653388
93 10 92837
32 96 47870
84 87 125736
74 23 640895
42 48 704711
35 12 760865
8 3 303216
49 70 820515
84 25 513952
41 66 158132
36 82 834808
34 35 466888
55 54 166911
41 3 606852
46 15 287491
49 55 29097
51 84 105230
88 94 652272
19 75 120418
4 78 412420
2 14 559282
25 31 482989
40 80 491258
98 93 962097
50 85 262289
35 59 596722
56 42 216562
54 41 799687
46 22 371281
91 10 227306
89 36 795362
15 2 995603
20 75 767221
87 42 276033
49 38 14795
61 9 484243
47 55 591643
39 68 574206
46 57 282885
12 88 948793
35 49 726852
46 13 951302
25 39 582465
16 57 694935
100 47 177684
54 17 440610
100 23 467461
44 22 766284
23 21 371075
98 91 321527
70 54 577415
81 83 664734
6 25 230493
72 86 312084
95 46 283502
80 27 933862
6 5 773528
31 71 138521
4 88 441394
16 40 165059
59 67 518962
7 25 655398
69 96 131747
69 13 87753
33 83 220830
6 66 447904
100 80 598673
39 18 285536
74 86 902110
48 32 732611
74 16 471598
68 33 82808
92 26 219581
79 94 272130
94 87 158482
42 91 619754
10 15 891834
39 92 156529
88 16 630529
43 92 701689
46 75 510191
74 21 12131
82 71 656701
11 53 50488
65 10 486013
97 33 77242
32 5 496384
97 85 700524
43 57 971983
25 72 421639
94 67 297328
76 80 836610
59 79 401754
17 65 885185
54 28 264912
68 44 432752
60 20 129571
86 88 981820
81 84 820692
20 61 213078
81 86 787009
29 62 908596
75 100 903409
64 92 609037
80 20 188880
75 26 488829
74 38 666678
92 67 215077
70 42 752073
48 71 637748
68 11 418408
13 76 171162
22 50 763459
72 44 720333
42 60 431293
66 63 248511
92 91 74667
48 1 628710
28 61 151031
22 3 478478
69 99 417964
39 42 139855
22 85 931363
8 31 985723
22 92 310551
94 83 918509
27 8 137511
22 84 491557
65 45 84966
18 65 789749
8 39 606344
99 23 533589
32 63 259731
81 46 432829
97 90 887493
73 95 428806
28 91 948824
90 5 335368
98 18 775757
55 97 23233
87 79 278268
14 40 143870
15 76 474896
40 26 806517
30 69 87162
82 47 335471
24 99 253481
47 73 307698
90 16 709919
45 50 794089
3 66 522194
20 66 403153
8 85 261837
84 6 849478
37 76 70076
51 63 55861
74 53 659226
61 89 386006
63 8 685243
54 74 581086
24 52 952232
44 80 141780
95 9 356442
53 97 657489
16 17 626399
66 34 340577
69 87 582002
2 45 965136
97 26 580218
65 88 444838
61 94 555165
75 83 535713
100 43 930384
71 18 677340
39 31 914920
35 55 241558
97 54 418301
28 62 971780
97 92 92049
76 28 211752
86 100 365830
10 87 46071
9 70 791588
57 50 539539
29 23 996418
3 79 69483
2 18 213011
73 83 619259
83 13 702231
66 14 413268
77 84 740633
20 49 522953
42 34 500555
30 66 309343
85 81 3130
92 94 183269
54 88 131094
72 78 681225
100 60 342137
42 8 75
49 18 466802
15 64 235175
43 91 968374
65 24 436033
50 63 848183
21 6 771679
41 47 767635
55 87 801866
40 48 231681
84 72 389952
46 44 560268
34 96 964760
13 48 620861
12 40 944808
93 16 467297
70 51 663400
10 30 893992
39 70 546187
3 76 207280
47 89 950227
63 89 592223
28 82 252342
59 49 305645
99 9 220355
3 25 89105
74 14 386562
74 50 83776
48 95 216510
42 3 586366
2 31 16353
64 94 965394
82 85 296798
75 70 717026
25 41 221804
34 65 309726
43 40 724511
27 99 690346
79 16 295753
38 89 292108
74 85 337323
58 85 727052
17 11 187084
98 31 880158
18 74 789074
52 64 616711
2 46 920962
59 70 429097
90 87 939394
70 15 127798
100 20 735887
7 13 819446
89 43 936001
62 14 48122
41 90 273147
60 72 258897
24 27 866608
94 19 504668
95 56 245633
7 38 622155
54 95 418415
6 75 61000
56 90 170311
76 40 794354
59 53 781507
70 52 429825
29 73 602654
19 85 438301
15 40 808463
91 61 175525
50 69 253023
96 23 802297
33 75 427551
52 36 596271
71 33 633305
90 66 812222
58 30 930617
61 24 485695
44 12 847599
7 64 579988
12 28 213481
78 63 449145
59 30 694642
61 86 604019
80 68 315365
16 7 360506
11 98 233525
19 58 213352
69 36 220061
24 18 968533
85 25 464181
25 82 955207
50 99 547038
4 36 319644
86 38 516333
97 68 796114
35 6 163507
61 67 61785
39 10 951145
12 1 735767
69 17 631807
62 23 356296
49 30 221861
33 32 509090
65 5 84382
85 93 267899
39 84 852403
26 80 337553
10 20 885354
26 59 745502
84 3 744639
100 42 55048
84 70 25614
82 12 806826
81 72 765098
17 88 318084
4 24 882624
96 10 794334
35 29 650658
66 36 658010
39 11 485046
44 41 287828
21 15 380032
93 67 465532
85 71 104567
64 6 527165
93 75 532678
50 77 715027
21 2 548136
79 50 469675
42 85 32228
37 1 950684
99 16 306009
48 53 910474
31 100 54745
36 93 429715
95 14 242595
70 57 680540
67 64 416554
47 74 962350
99 25 933741
25 73 775650
68 87 716066
62 7 733726
38 20 412087
18 16 844791
32 22 700066
55 85 942741
14 54 416339
66 15 706557
49 67 367886
98 51 189893
47 50 193210
77 54 560949
23 27 68899
61 11 770396
91 76 452693
53 100 680619
87 93 76430
100 95 5967
1 99 43644
99 36 76397
64 3 892981
22 61 653259
90 80 303686
79 13 125922
17 44 915285
20 99 251824
91 6 811477
27 10 537150
95 34 802850
63 83 488844
55 8 802241
5 20 932075
56 7 701515
3 34 425235
79 84 138394
14 45 253316
